Sec1: [-15276.075958387722, -81949.40531108779]
Sec2: [-15276.075958387722, -46689.03680936994]
GlobalForce: [15276.075958387722, 78966.93870836507, 81949.40531108777, -15276.075958387722, -9186.938708365082, 50347.98144946053]
